25 21 52 14 28 20 32 30 40 28 17 27 24 22
48 41 26 9 37 4 43 2 32 13 42 60 23 29
19 18 27 31 8 45 4 22 26 13 53 -2 -3 26
25 10 8 -6 35 8 17 5 34 0 18 5 20 9
2 -22 29 -12 13 14 45 23 51 -5 9 -6 3 15
-9 -18 -5 -8 4 11 24 31 35 -1 19 6 2 7
2 24 4 17 -13 41 32 14 15 18 -7 0 -19 -5
25 35 -5 16 11 12 -15 15 18 40 -2 15 -30 31
40 52 19 36 5 7 35 4 -17 32 -3 14 1 17
49 52 -17 4 6 -6 -2 9 39 42 -4 11 8 -14
50 -5 10 21 16 -18 40 39 22 0 31 -9 15 -6
14 31 20 9 30 31 42 18 16 -5 14 -23 31 -17
26 19 46 21 61 21 48 23 9 -3 15 -1 35 21
-2 26 24 35 59 36 53 -6 16 13 13 34 41 35
