1 9 6 14 22 4 28 2 15 19 -4 18 27 2
14 5 30 33 6 14 -3 14 21 2 33 32 35 0
10 10 10 18 10 0 14 15 8 10 18 16 16 36
12 7 19 24 22 25 41 34 9 5 -20 4 6 23
-6 20 15 26 27 30 15 19 1 -24 6 -14 14 3
10 -13 0 14 18 -13 9 -1 5 7 6 12 4 8
11 10 13 13 0 10 -8 33 16 22 3 35 13 19
25 16 9 27 22 8 7 3 8 -3 23 -6 24 6
8 24 7 15 28 22 4 -2 -8 8 6 23 10 7
30 -3 12 -7 24 0 16 -1 19 -4 24 14 -9 31
4 14 -6 14 -5 34 28 40 16 41 6 2 29 -6
2 -4 26 -3 14 25 14 14 17 8 25 16 13 19
-10 9 9 12 22 -8 2 -27 -3 1 19 24 37 44
-7 9 -9 28 2 31 9 13 -2 21 12 23 21 11
